svg/svg/g/g_11/line 6.0 1.0 0.0 0.0 0.0 0.0 0.0 0.6732646603379788 0.0 0.0 0.0018520287111265916 0.007454445057979018 0.00034698126301179 0.026526745372394696 0.03526154742823838 0.030899285818393823 0.003910305211433314 0.009056603773584906 0.0 0.0
svg/svg/g/g_11/line_1 6.0 1.0 0.0 0.0 0.0 0.0 0.0 0.6732646603379788 0.0 0.0 0.0018707549872754954 0.16379072335726122 0.15752949340735603 0.026526745372394696 0.03526154742823838 0.030899285818393823 0.1606685583777424 0.009056603773584906 0.0 0.0
svg/svg/g/g_11/line_2 6.0 1.0 0.0 0.0 0.0 0.0 0.0 0.6732646603379788 0.0 0.0 0.0018894812634243992 0.320472114853672 0.315058986814712 0.026526745372394696 0.03526154742823838 0.030899285818393823 0.31777285625302787 0.009056603773584906 0.0 0.0
svg/svg/g/g_11/line_3 6.0 1.0 0.0 0.0 0.0 0.0 0.0 0.6732646603379788 0.0 0.0 0.0019082075395733032 0.47680839315295415 0.4722414989590562 0.026526745372394696 0.03526154742823838 0.030899285818393823 0.4745311094193369 0.009056603773584906 0.0 0.0
svg/svg/g/g_11/line_4 6.0 1.0 0.0 0.0 0.0 0.0 0.0 0.6732646603379788 0.0 0.0 0.001926933815722207 0.6331446714522363 0.6294240111034004 0.026526745372394696 0.03526154742823838 0.030899285818393823 0.6312893625856459 0.009056603773584906 0.0 0.0
svg/svg/g/g_11/line_5 6.0 1.0 0.0 0.0 0.0 0.0 0.0 0.6732646603379788 0.0 0.0 0.0019456600918711109 0.7898260629486471 0.7869535045107564 0.026526745372394696 0.03526154742823838 0.030899285818393823 0.7883936604609314 0.009056603773584906 0.0 0.0
svg/svg/g/line_6 6.0 1.0 0.0 0.0 0.0 0.0 0.0 0.6732646603379788 0.0 0.0 0.0 0.009525124240750972 0.9531575294934074 0.03468882087159307 0.034678711933556754 0.03468882087159307 0.4800678247629593 0.0 1.0 0.0
svg/svg/g/g_12/g_13/path 2.0 1.0 0.0 0.0 0.7530185259147747 0.0 0.0 0.0 0.0 0.0 0.022450932474920835 0.0 0.0 0.016178399650196768 0.021273495555879353 0.01872904824369626 0.0 0.005283018867924529 0.007518248175182482 5.438284633783574e-05
svg/svg/g/g_12/g_13/path_1 2.0 1.0 0.0 0.0 0.7530185259147747 0.0 0.0 0.0 0.0 0.0 0.022469658751069738 0.0 0.0 0.008599329543798285 0.013842342998688622 0.011222853811397756 0.0 0.005433962264150944 0.007518248175182482 5.5936641947488196e-05
svg/svg/g/g_12/g_13/path_2 2.0 1.0 0.0 0.0 0.7530185259147747 0.0 0.0 0.0 0.0 0.0 0.022488385027218644 0.015046935394809509 0.007980569049271342 0.0002915026963999407 0.00029141774734081204 0.0002915026963999407 0.011523288808914118 0.0 0.0 0.0
svg/svg/g/g_12/g_14/path_3 2.0 1.0 0.0 0.0 0.7530185259147747 0.0 0.0 0.0 0.0 0.0 0.022638195236409874 0.15643981225842077 0.15752949340735603 0.016178399650196768 0.021273495555879353 0.01872904824369626 0.15698318222714372 0.005283018867924529 0.007773722627737226 5.6230807135723365e-05
svg/svg/g/g_12/g_14/path_4 2.0 1.0 0.0 0.0 0.7530185259147747 0.0 0.0 0.0 0.0 0.0 0.022656921512558777 0.15481778023191606 0.15440666204024983 0.009182334936598166 0.013113798630336588 0.011149978137297775 0.15461277597065542 0.004075471698113208 0.0062043795620437955 3.462097984613953e-05
svg/svg/g/g_12/g_14/path_5 2.0 1.0 0.0 0.0 0.7530185259147747 0.0 0.0 0.0 0.0 0.0 0.022675647788707683 0.17483434566537828 0.16863289382373356 0.0 0.0 0.0 0.17174198906498722 0.0 0.0 0.0
svg/svg/g/g_12/g_15/path_6 2.0 1.0 0.0 0.0 0.7530185259147747 0.0 0.0 0.0 0.0 0.0 0.02282545799789891 0.31277609055770295 0.31471200555170026 0.016178399650196768 0.021273495555879353 0.01872904824369626 0.31374143539345284 0.005283018867924529 0.007773722627737226 5.6230807135723365e-05
svg/svg/g/g_12/g_15/path_7 2.0 1.0 0.0 0.0 0.7530185259147747 0.0 0.0 0.0 0.0 0.0 0.022844184274047816 0.31277609055770295 0.31471200555170026 0.008599329543798285 0.013842342998688622 0.011222853811397756 0.31374143539345284 0.005433962264150944 0.007773722627737226 5.783740162531546e-05
svg/svg/g/g_12/g_15/path_8 2.0 1.0 0.0 0.0 0.7530185259147747 0.0 0.0 0.0 0.0 0.0 0.022862910550196718 0.33117062396466046 0.32581540596807773 0.0 0.0 0.0 0.3285002422312963 0.0 0.0 0.0
svg/svg/g/g_12/g_16/path_9 2.0 1.0 0.0 0.0 0.7530185259147747 0.0 0.0 0.0 0.0 0.0 0.02301272075938795 0.46935394809497516 0.47189451769604446 0.016178399650196768 0.021273495555879353 0.01872904824369626 0.47062080420790364 0.005283018867924529 0.007518248175182482 5.438284633783574e-05
svg/svg/g/g_12/g_16/path_10 2.0 1.0 0.0 0.0 0.7530185259147747 0.0 0.0 0.0 0.0 0.0 0.02303144703553685 0.46783545002760907 0.4632199861207495 0.013117621337997378 0.013113798630336588 0.013117621337997378 0.4655339469859506 0.0 0.0 0.0
svg/svg/g/g_12/g_16/path_11 2.0 1.0 0.0 0.0 0.7530185259147747 0.0 0.0 0.0 0.0 0.0 0.023050173311685757 0.4681805632247377 0.4635669673837613 0.0027692756157994495 0.0027684685997377274 0.0027692756157994495 0.46587999169492694 0.0 0.0 0.0
svg/svg/g/g_12/g_17/path_12 2.0 1.0 0.0 0.0 0.7530185259147747 0.0 0.0 0.0 0.0 0.0 0.023199983520876988 0.6257937603533958 0.6294240111034004 0.016178399650196768 0.021273495555879353 0.01872904824369626 0.6276039864350473 0.005283018867924529 0.007773722627737226 5.6230807135723365e-05
svg/svg/g/g_12/g_17/path_13 2.0 1.0 0.0 0.0 0.7530185259147747 0.0 0.0 0.0 0.0 0.0 0.02321870979702589 0.6257937603533958 0.6294240111034004 0.008599329543798285 0.013842342998688622 0.011222853811397756 0.6276039864350473 0.005433962264150944 0.007773722627737226 5.783740162531546e-05
svg/svg/g/g_12/g_17/path_14 2.0 1.0 0.0 0.0 0.7530185259147747 0.0 0.0 0.0 0.0 0.0 0.023237436073174796 0.6245168415240199 0.6207494795281054 0.0027692756157994495 0.0027684685997377274 0.0027692756157994495 0.622638244861236 0.0 0.0 0.0
svg/svg/g/g_12/g_18/path_15 2.0 1.0 0.0 0.0 0.7530185259147747 0.0 0.0 0.0 0.0 0.0 0.023387246282366027 0.782130038652678 0.7866065232477446 0.016178399650196768 0.021273495555879353 0.01872904824369626 0.7843622396013564 0.005283018867924529 0.007773722627737226 5.6230807135723365e-05
svg/svg/g/g_12/g_18/path_16 2.0 1.0 0.0 0.0 0.7530185259147747 0.0 0.0 0.0 0.0 0.0 0.02340597255851493 0.7808531198233021 0.7779319916724496 0.013117621337997378 0.013113798630336588 0.013117621337997378 0.7793964980275451 0.0 0.0 0.0
svg/svg/g/g_12/g_19/path_17 2.0 1.0 0.0 0.0 0.7530185259147747 0.0 0.0 0.0 0.0 0.0 0.023574509043855066 0.9387078961899503 0.9437890353920889 0.016178399650196768 0.021273495555879353 0.01872904824369626 0.9412416084158073 0.005283018867924529 0.007518248175182482 5.438284633783574e-05
svg/svg/g/g_20/g_21/line_7 6.0 1.0 0.0 0.0 0.0 0.0 0.0 0.6732646603379788 0.0 0.0 0.02432356008981122 0.9461623412479292 0.9573213046495489 0.9995627459554002 0.999271455631648 0.9995627459554002 0.9517267630977922 0.0 0.01386861313868613 0.0
svg/svg/g/g_20/g_21/line_8 6.0 1.0 0.0 0.0 0.0 0.0 0.0 0.6732646603379788 0.0 0.0 0.02434228636596012 0.9461623412479292 0.9573213046495489 0.9720157411456057 0.9717324785079412 0.9720157411456057 0.9517267630977922 0.0 0.01386861313868613 0.0
svg/svg/g/g_20/g_21/line_9 6.0 1.0 0.0 0.0 0.0 0.0 0.0 0.6732646603379788 0.0 0.0 0.024361012642109024 0.9461623412479292 0.9573213046495489 0.9444687363358112 0.9441935013842344 0.9444687363358112 0.9517267630977922 0.0 0.01386861313868613 0.0
svg/svg/g/g_20/g_21/line_10 6.0 1.0 0.0 0.0 0.0 0.0 0.0 0.6732646603379788 0.0 0.0 0.02437973891825793 0.9461623412479292 0.9573213046495489 0.9167759801778168 0.9165088153868571 0.9167759801778168 0.9517267630977922 0.0 0.01386861313868613 0.0
svg/svg/g/g_20/g_21/line_11 6.0 1.0 0.0 0.0 0.0 0.0 0.0 0.6732646603379788 0.0 0.0 0.024398465194406832 0.9461623412479292 0.9573213046495489 0.8892289753680221 0.8889698382631501 0.8892289753680221 0.9517267630977922 0.0 0.01386861313868613 0.0
svg/svg/g/g_20/g_21/line_12 6.0 1.0 0.0 0.0 0.0 0.0 0.0 0.6732646603379788 0.0 0.0 0.024417191470555738 0.9461623412479292 0.9573213046495489 0.8616819705582277 0.8614308611394433 0.8616819705582277 0.9517267630977922 0.0 0.01386861313868613 0.0
svg/svg/g/g_20/g_21/line_13 6.0 1.0 0.0 0.0 0.0 0.0 0.0 0.6732646603379788 0.0 0.0 0.02443591774670464 0.9461623412479292 0.9573213046495489 0.8341349657484333 0.8338918840157366 0.8341349657484333 0.9517267630977922 0.0 0.01386861313868613 0.0
svg/svg/g/g_20/g_21/line_14 6.0 1.0 0.0 0.0 0.0 0.0 0.0 0.6732646603379788 0.0 0.0 0.024454644022853543 0.9461623412479292 0.9573213046495489 0.8065879609386387 0.8063529068920298 0.8065879609386387 0.9517267630977922 0.0 0.01386861313868613 0.0
svg/svg/g/g_20/g_21/line_15 6.0 1.0 0.0 0.0 0.0 0.0 0.0 0.6732646603379788 0.0 0.0 0.02447337029900245 0.9461623412479292 0.9573213046495489 0.7790409561288443 0.778813929768323 0.7790409561288443 0.9517267630977922 0.0 0.01386861313868613 0.0
svg/svg/g/g_20/g_21/line_16 6.0 1.0 0.0 0.0 0.0 0.0 0.0 0.6732646603379788 0.0 0.0 0.02449209657515135 0.9461623412479292 0.9573213046495489 0.7514939513190496 0.751274952644616 0.7514939513190496 0.9517267630977922 0.0 0.01386861313868613 0.0
svg/svg/g/g_20/g_21/line_17 6.0 1.0 0.0 0.0 0.0 0.0 0.0 0.6732646603379788 0.0 0.0 0.02434228636596012 0.9461623412479292 0.9573213046495489 0.7238011951610552 0.7235902666472388 0.7238011951610552 0.9517267630977922 0.0 0.01386861313868613 0.0
svg/svg/g/g_20/g_21/line_18 6.0 1.0 0.0 0.0 0.0 0.0 0.0 0.6732646603379788 0.0 0.0 0.024344158993575015 0.9461623412479292 0.9573213046495489 0.6962541903512608 0.696051289523532 0.6962541903512608 0.9517267630977922 0.0 0.01386861313868613 0.0
svg/svg/g/g_20/g_21/line_19 6.0 1.0 0.0 0.0 0.0 0.0 0.0 0.6732646603379788 0.0 0.0 0.024346031621189902 0.9461623412479292 0.9573213046495489 0.6687071855414664 0.6685123123998252 0.6687071855414664 0.9517267630977922 0.0 0.01386861313868613 0.0
svg/svg/g/g_20/g_21/line_20 6.0 1.0 0.0 0.0 0.0 0.0 0.0 0.6732646603379788 0.0 0.0 0.024347904248804793 0.9461623412479292 0.9573213046495489 0.6411601807316719 0.6409733352761184 0.6411601807316719 0.9517267630977922 0.0 0.01386861313868613 0.0
svg/svg/g/g_20/g_21/line_21 6.0 1.0 0.0 0.0 0.0 0.0 0.0 0.6732646603379788 0.0 0.0 0.02434977687641968 0.9461623412479292 0.9573213046495489 0.6136131759218774 0.6134343581524115 0.6136131759218774 0.9517267630977922 0.0 0.01386861313868613 0.0
svg/svg/g/g_20/g_21/line_22 6.0 1.0 0.0 0.0 0.0 0.0 0.0 0.6732646603379788 0.0 0.0 0.024351649504034574 0.9461623412479292 0.9573213046495489 0.5860661711120829 0.5858953810287048 0.5860661711120829 0.9517267630977922 0.0 0.01386861313868613 0.0
svg/svg/g/g_20/g_21/line_23 6.0 1.0 0.0 0.0 0.0 0.0 0.0 0.6732646603379788 0.0 0.0 0.02435352213164946 0.9461623412479292 0.9573213046495489 0.5585191663022884 0.5583564039049979 0.5585191663022884 0.9517267630977922 0.0 0.01386861313868613 0.0
svg/svg/g/g_20/g_21/line_24 6.0 1.0 0.0 0.0 0.0 0.0 0.0 0.6732646603379788 0.0 0.0 0.024355394759264352 0.9461623412479292 0.9573213046495489 0.5308264101442939 0.5306717179076206 0.5308264101442939 0.9517267630977922 0.0 0.01386861313868613 0.0
svg/svg/g/g_20/g_21/line_25 6.0 1.0 0.0 0.0 0.0 0.0 0.0 0.6732646603379788 0.0 0.0 0.024357267386879246 0.9461623412479292 0.9573213046495489 0.5032794053344994 0.5031327407839138 0.5032794053344994 0.9517267630977922 0.0 0.01386861313868613 0.0
svg/svg/g/g_20/g_21/line_26 6.0 1.0 0.0 0.0 0.0 0.0 0.0 0.6732646603379788 0.0 0.0 0.024359140014494133 0.9461623412479292 0.9573213046495489 0.47573240052470495 0.475593763660207 0.47573240052470495 0.9517267630977922 0.0 0.01386861313868613 0.0
svg/svg/g/g_20/g_21/line_27 6.0 1.0 0.0 0.0 0.0 0.0 0.0 0.6732646603379788 0.0 0.0 0.024361012642109024 0.9461623412479292 0.9573213046495489 0.4481853957149104 0.4480547865365001 0.4481853957149104 0.9517267630977922 0.0 0.01386861313868613 0.0
svg/svg/g/g_20/g_21/line_28 6.0 1.0 0.0 0.0 0.0 0.0 0.0 0.6732646603379788 0.0 0.0 0.024362885269723918 0.9461623412479292 0.9573213046495489 0.42063839090511596 0.4205158094127933 0.42063839090511596 0.9517267630977922 0.0 0.01386861313868613 0.0
svg/svg/g/g_20/g_21/line_29 6.0 1.0 0.0 0.0 0.0 0.0 0.0 0.6732646603379788 0.0 0.0 0.024364757897338805 0.9461623412479292 0.9573213046495489 0.3930913860953214 0.3929768322890864 0.3930913860953214 0.9517267630977922 0.0 0.01386861313868613 0.0
svg/svg/g/g_20/g_21/line_30 6.0 1.0 0.0 0.0 0.0 0.0 0.0 0.6732646603379788 0.0 0.0 0.024366630524953695 0.9461623412479292 0.9573213046495489 0.36554438128552696 0.36543785516537963 0.36554438128552696 0.9517267630977922 0.0 0.01386861313868613 0.0
svg/svg/g/g_20/g_21/line_31 6.0 1.0 0.0 0.0 0.0 0.0 0.0 0.6732646603379788 0.0 0.0 0.02436850315256859 0.9461623412479292 0.9573213046495489 0.3378516251275325 0.33775316916800235 0.3378516251275325 0.9517267630977922 0.0 0.01386861313868613 0.0
svg/svg/g/g_20/g_21/line_32 6.0 1.0 0.0 0.0 0.0 0.0 0.0 0.6732646603379788 0.0 0.0 0.024370375780183477 0.9461623412479292 0.9573213046495489 0.310304620317738 0.3102141920442955 0.310304620317738 0.9517267630977922 0.0 0.01386861313868613 0.0
svg/svg/g/g_20/g_21/line_33 6.0 1.0 0.0 0.0 0.0 0.0 0.0 0.6732646603379788 0.0 0.0 0.024372248407798367 0.9461623412479292 0.9573213046495489 0.2827576155079435 0.28267521492058867 0.2827576155079435 0.9517267630977922 0.0 0.01386861313868613 0.0
svg/svg/g/g_20/g_21/line_34 6.0 1.0 0.0 0.0 0.0 0.0 0.0 0.6732646603379788 0.0 0.0 0.02437412103541326 0.9461623412479292 0.9573213046495489 0.25521061069814904 0.2551362377968819 0.25521061069814904 0.9517267630977922 0.0 0.01386861313868613 0.0
svg/svg/g/g_20/g_21/line_35 6.0 1.0 0.0 0.0 0.0 0.0 0.0 0.6732646603379788 0.0 0.0 0.02437599366302815 0.9461623412479292 0.9573213046495489 0.22766360588835452 0.22759726067317504 0.22766360588835452 0.9517267630977922 0.0 0.01386861313868613 0.0
svg/svg/g/g_20/g_21/line_36 6.0 1.0 0.0 0.0 0.0 0.0 0.0 0.6732646603379788 0.0 0.0 0.024377866290643035 0.9461623412479292 0.9573213046495489 0.20011660107856002 0.2000582835494682 0.20011660107856002 0.9517267630977922 0.0 0.01386861313868613 0.0
svg/svg/g/g_20/g_21/line_37 6.0 1.0 0.0 0.0 0.0 0.0 0.0 0.6732646603379788 0.0 0.0 0.02437973891825793 0.9461623412479292 0.9573213046495489 0.1725695962687655 0.17251930642576133 0.1725695962687655 0.9517267630977922 0.0 0.01386861313868613 0.0
svg/svg/g/g_20/g_21/line_38 6.0 1.0 0.0 0.0 0.0 0.0 0.0 0.6732646603379788 0.0 0.0 0.02438161154587282 0.9461623412479292 0.9573213046495489 0.14487684011077104 0.14483462042838408 0.14487684011077104 0.9517267630977922 0.0 0.01386861313868613 0.0
svg/svg/g/g_20/g_21/line_39 6.0 1.0 0.0 0.0 0.0 0.0 0.0 0.6732646603379788 0.0 0.0 0.024383484173487707 0.9461623412479292 0.9573213046495489 0.11732983530097654 0.11729564330467726 0.11732983530097654 0.9517267630977922 0.0 0.01386861313868613 0.0
svg/svg/g/g_20/g_21/line_40 6.0 1.0 0.0 0.0 0.0 0.0 0.0 0.6732646603379788 0.0 0.0 0.0243853568011026 0.9461623412479292 0.9573213046495489 0.08978283049118205 0.08975666618097042 0.08978283049118205 0.9517267630977922 0.0 0.01386861313868613 0.0
svg/svg/g/g_20/g_21/line_41 6.0 1.0 0.0 0.0 0.0 0.0 0.0 0.6732646603379788 0.0 0.0 0.024387229428717492 0.9461623412479292 0.9573213046495489 0.062235825681387566 0.062217689057263596 0.062235825681387566 0.9517267630977922 0.0 0.01386861313868613 0.0
svg/svg/g/line_42 6.0 1.0 0.0 0.0 0.0 0.0 0.0 0.6732646603379788 0.0 0.0 5.617882844671159e-06 0.9447818884594147 0.9427480916030534 0.03468882087159307 1.0 0.5174901617839965 0.943767734791335 1.0 0.0 0.0
svg/svg/g/g_22/g_23/line_43 6.0 1.0 0.0 0.0 0.0 0.0 1.0 0.8415808254224736 1.0 0.0 0.02806881531959199 0.6131281060187742 0.7015961138098542 0.9712869844046058 0.998542911263296 0.985060486809503 0.6572427157588759 0.02852830188679245 0.09708029197080292 0.003792015557265401
svg/svg/g/g_22/g_23/line_44 6.0 1.0 0.0 0.0 0.0 0.0 1.0 0.8415808254224736 1.0 0.0 0.02808754159574089 0.6131281060187742 0.7126995142262317 0.9437399795948114 0.9710039341395892 0.9575134819997085 0.6627794311024984 0.02852830188679245 0.10875912408759124 0.004248197879943945
svg/svg/g/g_22/g_23/line_45 6.0 1.0 0.0 0.0 0.0 0.0 1.0 0.8415808254224736 1.0 0.0 0.028106267871889794 0.6717973495306461 0.7126995142262317 0.9161929747850167 0.9434649570158823 0.9299664771899141 0.6921932313654924 0.02852830188679245 0.04671532846715329 0.0018247292907141778
svg/svg/g/g_22/g_23/line_46 6.0 1.0 0.0 0.0 0.0 0.0 1.0 0.8415808254224736 1.0 0.0 0.028124994148038703 0.6717973495306461 0.7126995142262317 0.8886459699752223 0.9159259798921754 0.9024194723801195 0.6921932313654924 0.02852830188679245 0.04671532846715329 0.0018247292907141778
svg/svg/g/g_22/g_23/line_47 6.0 1.0 0.0 0.0 0.0 0.0 1.0 0.8415808254224736 1.0 0.0 0.028143720424187606 0.5689536167863058 0.7126995142262317 0.8609532138172278 0.8883870027684686 0.874799591896225 0.6406325697280087 0.028679245283018868 0.15547445255474454 0.006105059060449965
svg/svg/g/g_22/g_23/line_48 6.0 1.0 0.0 0.0 0.0 0.0 1.0 0.8415808254224736 1.0 0.0 0.028162446700336508 0.5541137493097736 0.564885496183206 0.8334062090074333 0.8607023167710913 0.8471797114123307 0.559485085473043 0.02852830188679245 0.015693430656934307 0.0006129949960992941
svg/svg/g/g_22/g_23/line_49 6.0 1.0 0.0 0.0 0.0 0.0 1.0 0.8415808254224736 1.0 0.0 0.02818117297648541 0.5099392600773054 0.5499653018736989 0.8058592041976389 0.8331633396473845 0.8196327066025361 0.5298982628555609 0.02852830188679245 0.04671532846715329 0.0018247292907141778
svg/svg/g/g_22/g_23/line_50 6.0 1.0 0.0 0.0 0.0 0.0 1.0 0.8415808254224736 1.0 0.0 0.028199899252634313 0.5099392600773054 0.520471894517696 0.7783121993878445 0.8056243625236778 0.7920857017927416 0.5151913627240639 0.02852830188679245 0.015693430656934307 0.0006129949960992941
svg/svg/g/g_22/g_23/line_51 6.0 1.0 0.0 0.0 0.0 0.0 1.0 0.8415808254224736 1.0 0.0 0.028218625528783223 0.5099392600773054 0.520471894517696 0.7507651945780498 0.778085385399971 0.7645386969829471 0.5151913627240639 0.02852830188679245 0.015693430656934307 0.0006129949960992941
svg/svg/g/g_22/g_23/line_52 6.0 1.0 0.0 0.0 0.0 0.0 1.0 0.8415808254224736 1.0 0.0 0.028237351804932125 0.5099392600773054 0.6092990978487162 0.7232181897682555 0.750546408276264 0.7369916921731527 0.559485085473043 0.02852830188679245 0.10912408759124087 0.00426245357752765
svg/svg/g/g_22/g_23/line_53 6.0 1.0 0.0 0.0 0.0 0.0 1.0 0.8415808254224736 1.0 0.0 0.02808754159574089 0.5689536167863058 0.6092990978487162 0.6956711849584609 0.7230074311525572 0.7094446873633582 0.5890719080905252 0.02852830188679245 0.04671532846715329 0.0018247292907141778
svg/svg/g/g_22/g_23/line_54 6.0 1.0 0.0 0.0 0.0 0.0 1.0 0.8415808254224736 1.0 0.0 0.028089414223355785 0.5689536167863058 0.7126995142262317 0.6679784288004665 0.6954684540288504 0.6818248068794638 0.6406325697280087 0.028679245283018868 0.15547445255474454 0.006105059060449965
svg/svg/g/g_22/g_23/line_55 6.0 1.0 0.0 0.0 0.0 0.0 1.0 0.8415808254224736 1.0 0.0 0.028091286850970672 0.6424627277747101 0.7126995142262317 0.6404314239906721 0.6677837680314732 0.6542049263955693 0.6774863312339954 0.02852830188679245 0.07773722627737227 0.003036463585329062
svg/svg/g/g_22/g_23/line_56 6.0 1.0 0.0 0.0 0.0 0.0 1.0 0.8415808254224736 1.0 0.0 0.028093159478585563 0.6424627277747101 0.8015267175572519 0.6128844191808775 0.6402447909077664 0.6266579215857747 0.7217800539829745 0.02852830188679245 0.17116788321167883 0.006685922166757417
svg/svg/g/g_22/g_23/line_57 6.0 1.0 0.0 0.0 0.0 0.0 1.0 0.8415808254224736 1.0 0.0 0.02809503210620045 0.6866372170071783 0.8015267175572519 0.585337414371083 0.6127058137840595 0.5991109167759803 0.7439269153574641 0.02852830188679245 0.12445255474452556 0.00486119287604324
svg/svg/g/g_22/g_23/line_58 6.0 1.0 0.0 0.0 0.0 0.0 1.0 0.8415808254224736 1.0 0.0 0.028096904733815344 0.6866372170071783 0.7421929215822345 0.5577904095612884 0.5851668366603527 0.5715639119661858 0.7143400927399819 0.02852830188679245 0.06204379562043796 0.0024234685892297676
svg/svg/g/g_22/g_23/line_59 6.0 1.0 0.0 0.0 0.0 0.0 1.0 0.8415808254224736 1.0 0.0 0.028098777361430235 0.7159718387631142 0.7421929215822345 0.530243404751494 0.5576278595366458 0.5440169071563913 0.7290469928714789 0.02852830188679245 0.03102189781021898 0.0012117342946148838
svg/svg/g/g_22/g_23/line_60 6.0 1.0 0.0 0.0 0.0 0.0 1.0 0.8415808254224736 1.0 0.0 0.028100649989045122 0.7159718387631142 0.7938931297709924 0.5026963999416996 0.5300888824129389 0.5164699023465968 0.7548273236902208 0.02852830188679245 0.0854014598540146 0.0033358332345868563
svg/svg/g/g_22/g_23/line_61 6.0 1.0 0.0 0.0 0.0 0.0 1.0 0.8415808254224736 1.0 0.0 0.028102522616660016 0.7967283268912203 0.8088133240804997 0.475149395131905 0.5025499052892322 0.48892289753680224 0.802754515883452 0.02852830188679245 0.015693430656934307 0.0006129949960992941
svg/svg/g/g_22/g_23/line_62 6.0 1.0 0.0 0.0 0.0 0.0 1.0 0.8415808254224736 1.0 0.0 0.028104395244274907 0.8043208172280508 0.8088133240804997 0.4474566389739106 0.4750109281655253 0.4613030170529078 0.8065610076821924 0.028679245283018868 0.007664233576642336 0.0003009536156559842
svg/svg/g/g_22/g_23/line_63 6.0 1.0 0.0 0.0 0.0 0.0 1.0 0.8415808254224736 1.0 0.0 0.028106267871889794 0.8043208172280508 0.8310201249132547 0.4199096341641161 0.4473262421681481 0.43368313656901336 0.8176344383694373 0.02852830188679245 0.03102189781021898 0.0012117342946148838
svg/svg/g/g_22/g_23/line_64 6.0 1.0 0.0 0.0 0.0 0.0 1.0 0.8415808254224736 1.0 0.0 0.028108140499504688 0.7601463279955826 0.8310201249132547 0.3923626293543216 0.41978726504444125 0.40613613175921887 0.7954875769949477 0.02852830188679245 0.07773722627737227 0.003036463585329062
svg/svg/g/g_22/g_23/line_65 6.0 1.0 0.0 0.0 0.0 0.0 1.0 0.8415808254224736 1.0 0.0 0.02811001312711958 0.7601463279955826 0.8015267175572519 0.3648156245445271 0.3922482879207344 0.3785891269494243 0.7807806768634507 0.02852830188679245 0.04671532846715329 0.0018247292907141778
svg/svg/g/g_22/g_23/line_66 6.0 1.0 0.0 0.0 0.0 0.0 1.0 0.8415808254224736 1.0 0.0 0.028111885754734466 0.7967283268912203 0.8015267175572519 0.3372686197347326 0.36470931079702756 0.3510421221396299 0.7991210464391998 0.02852830188679245 0.008029197080291971 0.0003136253468414993
svg/svg/g/g_22/g_23/line_67 6.0 1.0 0.0 0.0 0.0 0.0 1.0 0.8415808254224736 1.0 0.0 0.02811375838234936 0.7967283268912203 0.8088133240804997 0.3097216149249381 0.3371703336733207 0.3234951173298354 0.802754515883452 0.02852830188679245 0.015693430656934307 0.0006129949960992941
svg/svg/g/g_22/g_23/line_68 6.0 1.0 0.0 0.0 0.0 0.0 1.0 0.8415808254224736 1.0 0.0 0.028115631009964247 0.8043208172280508 0.8088133240804997 0.2821746101151436 0.3096313565496139 0.2959481125200409 0.8065610076821924 0.02852830188679245 0.007664233576642336 0.0002993696492577948
svg/svg/g/g_22/g_23/line_69 6.0 1.0 0.0 0.0 0.0 0.0 1.0 0.8415808254224736 1.0 0.0 0.028117503637579137 0.8043208172280508 0.8605135322692575 0.2544818539571492 0.2820923794259071 0.2683282320361464 0.8323413385009343 0.028679245283018868 0.06204379562043796 0.0024362911743579675
svg/svg/g/g_22/g_23/line_70 6.0 1.0 0.0 0.0 0.0 0.0 1.0 0.8415808254224736 1.0 0.0 0.02811937626519403 0.8409028161236884 0.8605135322692575 0.22693484914735468 0.25440769342852987 0.2407083515522519 0.8506817080766835 0.02852830188679245 0.023357664233576644 0.0009123646453570889
svg/svg/g/g_22/g_23/line_71 6.0 1.0 0.0 0.0 0.0 0.0 1.0 0.8415808254224736 1.0 0.0 0.02812124889280892 0.8409028161236884 0.8827203331020125 0.19938784433756016 0.226868716304823 0.2131613467424574 0.8617551387639283 0.02852830188679245 0.04671532846715329 0.0018247292907141778
svg/svg/g/g_22/g_23/line_72 6.0 1.0 0.0 0.0 0.0 0.0 1.0 0.8415808254224736 1.0 0.0 0.02812312152042381 0.8557426836002209 0.8827203331020125 0.17184083952776563 0.19932973918111616 0.1856143419326629 0.8691951000069208 0.02852830188679245 0.03102189781021898 0.0012117342946148838
svg/svg/g/g_22/g_23/line_73 6.0 1.0 0.0 0.0 0.0 0.0 1.0 0.8415808254224736 1.0 0.0 0.028124994148038703 0.8484953064605191 0.8532269257460097 0.14429383471797116 0.17179076205740929 0.1580673371228684 0.8508547304311715 0.02852830188679245 0.007664233576642336 0.0002993696492577948
svg/svg/g/g_22/g_23/line_74 6.0 1.0 0.0 0.0 0.0 0.0 1.0 0.8415808254224736 1.0 0.0 0.02812686677565359 0.8484953064605191 0.8827203331020125 0.11674682990817666 0.14425178493370247 0.13052033231307392 0.8655616305626685 0.02852830188679245 0.03868613138686131 0.0015111039438726786
svg/svg/g/g_22/g_23/line_75 6.0 1.0 0.0 0.0 0.0 0.0 1.0 0.8415808254224736 1.0 0.0 0.02812873940326848 0.8705825510767532 0.8827203331020125 0.08919982509838217 0.11671280780999563 0.10297332750327941 0.8766350612499135 0.02852830188679245 0.015328467153284672 0.0005987392985155896
svg/svg/g/g_22/g_23/polyline 7.0 1.0 0.0 0.0 0.0 0.0 1.0 0.8415808254224736 1.0 0.0 0.028130612030883375 0.8705825510767532 0.8893129770992367 0.036146334353592775 0.0891738306862888 0.06267307972598747 0.8799224859851892 0.054943396226415094 0.022262773722627735 0.0016747804716855821
svg/svg/g_24/g_25/g_26/line_76 6.0 1.0 0.0 0.0 0.0 1.0 1.0 0.8415808254224736 1.0 0.0 0.01870567724514006 0.0744064053009387 0.23213046495489245 0.9708497303600059 0.9981057846422848 0.9846232327649032 0.1530555747802616 0.02852830188679245 0.172992700729927 0.00675720065467594
svg/svg/g_24/g_25/g_26/line_77 6.0 1.0 0.0 0.0 0.0 1.0 1.0 0.8415808254224736 1.0 0.0 0.018724403521288964 0.23799006073992274 0.32165163081193615 0.9433027255502113 0.9705668075185778 0.9570762279551087 0.2797079382656239 0.02852830188679245 0.09416058394160584 0.003677969976595765
svg/svg/g_24/g_25/g_26/line_78 6.0 1.0 0.0 0.0 0.0 1.0 1.0 0.8415808254224736 1.0 0.0 0.01874312979743787 0.27250138045278854 0.32165163081193615 0.9157557207404169 0.943027830394871 0.9295292231453142 0.2970101737144439 0.02852830188679245 0.05766423357664234 0.0022524002182253136
svg/svg/g_24/g_25/g_26/line_79 6.0 1.0 0.0 0.0 0.0 1.0 1.0 0.8415808254224736 1.0 0.0 0.018761856073586772 0.27250138045278854 0.35912560721721026 0.8882087159306224 0.9154888532711642 0.9019822183355196 0.3156965879991695 0.02852830188679245 0.09708029197080292 0.003792015557265401
svg/svg/g_24/g_25/g_26/line_80 6.0 1.0 0.0 0.0 0.0 1.0 1.0 0.8415808254224736 1.0 0.0 0.01878058234973568 0.21728326891220323 0.35912560721721026 0.860661711120828 0.8879498761474574 0.8744352135257252 0.2880130112810575 0.02852830188679245 0.15547445255474454 0.006072927170658124
svg/svg/g_24/g_25/g_26/line_81 6.0 1.0 0.0 0.0 0.0 1.0 1.0 0.8415808254224736 1.0 0.0 0.01879930862588458 0.21728326891220323 0.31297709923664124 0.8329689549628335 0.8604108990237506 0.8468153330418308 0.2650010381341269 0.028679245283018868 0.10693430656934307 0.004199019494628732
svg/svg/g_24/g_25/g_26/line_82 6.0 1.0 0.0 0.0 0.0 1.0 1.0 0.8415808254224736 1.0 0.0 0.018818034902033483 0.24696300386526782 0.31297709923664124 0.805276198804839 0.8327262130263734 0.8191225768838363 0.27988096062011214 0.028679245283018868 0.07554744525547445 0.0029665427828947017
svg/svg/g_24/g_25/g_26/line_83 6.0 1.0 0.0 0.0 0.0 1.0 1.0 0.8415808254224736 1.0 0.0 0.01883676117818239 0.24696300386526782 0.2834836918806385 0.7778749453432444 0.8050415270289961 0.7915755720740416 0.26517406048861514 0.028377358490566038 0.04452554744525547 0.001729993014708184
svg/svg/g_24/g_25/g_26/line_84 6.0 1.0 0.0 0.0 0.0 1.0 1.0 0.8415808254224736 1.0 0.0 0.018855487454331292 0.21728326891220323 0.2834836918806385 0.75032794053345 0.7776482587789596 0.7641014429383473 0.2502941380026299 0.02852830188679245 0.07591240875912408 0.0029651850974105392
svg/svg/g_24/g_25/g_26/line_85 6.0 1.0 0.0 0.0 0.0 1.0 1.0 0.8415808254224736 1.0 0.0 0.018874213730480198 0.21728326891220323 0.32720333102012494 0.7227809357236555 0.7501092816552528 0.7365544381285527 0.27209495466814315 0.02852830188679245 0.1218978102189781 0.004761402992957308
svg/svg/g_24/g_25/g_26/line_86 6.0 1.0 0.0 0.0 0.0 1.0 1.0 0.8415808254224736 1.0 0.0 0.018724403521288964 0.3125345113197129 0.32720333102012494 0.6952339309138611 0.722570304531546 0.7090074333187583 0.3198491245068863 0.02852830188679245 0.021167883211678833 0.000826830459854862
svg/svg/g_24/g_25/g_26/line_87 6.0 1.0 0.0 0.0 0.0 1.0 1.0 0.8415808254224736 1.0 0.0 0.018726276148903858 0.3125345113197129 0.4375433726578765 0.6676869261040665 0.6950313274078392 0.6814604285089638 0.3748702332341338 0.02852830188679245 0.13722627737226278 0.005360142291472898
svg/svg/g_24/g_25/g_26/line_88 6.0 1.0 0.0 0.0 0.0 1.0 1.0 0.8415808254224736 1.0 0.0 0.01872814877651875 0.41020154610712317 0.4375433726578765 0.6399941699460722 0.6674923502841323 0.6538405480250693 0.4238355595542944 0.028679245283018868 0.033941605839416064 0.0013327945836193586
svg/svg/g_24/g_25/g_26/line_89 6.0 1.0 0.0 0.0 0.0 1.0 1.0 0.8415808254224736 1.0 0.0 0.018730021404133636 0.41020154610712317 0.5263705759888966 0.6124471651362776 0.6398076642867552 0.6262206675411749 0.46812928230327355 0.02852830188679245 0.12737226277372263 0.004975238456712876
svg/svg/g_24/g_25/g_26/line_90 6.0 1.0 0.0 0.0 0.0 1.0 1.0 0.8415808254224736 1.0 0.0 0.01873189403174853 0.4371203754831585 0.5263705759888966 0.5849001603264831 0.6122686871630483 0.5986736627313803 0.48162502595335305 0.02852830188679245 0.0989051094890511 0.003863294045183924
svg/svg/g_24/g_25/g_26/line_91 6.0 1.0 0.0 0.0 0.0 1.0 1.0 0.8415808254224736 1.0 0.0 0.01873376665936342 0.4371203754831585 0.46703678001387927 0.5573531555166886 0.5847297100393415 0.5711266579215859 0.45203820333587097 0.02852830188679245 0.0364963503649635 0.0014255697583704515
svg/svg/g_24/g_25/g_26/line_92 6.0 1.0 0.0 0.0 0.0 1.0 1.0 0.8415808254224736 1.0 0.0 0.018735639286978308 0.44229707344008834 0.46703678001387927 0.5298061507068941 0.5571907329156347 0.5435796531117913 0.45463353865319395 0.02852830188679245 0.03102189781021898 0.0012117342946148838
svg/svg/g_24/g_25/g_26/line_93 6.0 1.0 0.0 0.0 0.0 1.0 1.0 0.8415808254224736 1.0 0.0 0.018737511914593198 0.44229707344008834 0.5152671755725191 0.5022591458970996 0.5296517557919278 0.5160326483019969 0.4786836459270537 0.02852830188679245 0.08175182481751825 0.0031932762587498116
svg/svg/g_24/g_25/g_26/line_94 6.0 1.0 0.0 0.0 0.0 1.0 1.0 0.8415808254224736 1.0 0.0 0.018739384542208092 0.5196024295969078 0.5267175572519084 0.4747121410873051 0.502112778668221 0.4884856434922024 0.5231503910305211 0.02852830188679245 0.012043795620437956 0.00047043802026224896
svg/svg/g_24/g_25/g_26/line_95 6.0 1.0 0.0 0.0 0.0 1.0 1.0 0.8415808254224736 1.0 0.0 0.01874125716982298 0.5133903920485919 0.5267175572519084 0.44716513627751064 0.47457380154451406 0.46093863868240786 0.5200359886497335 0.02852830188679245 0.018613138686131386 0.0007270405767689302
svg/svg/g_24/g_25/g_26/line_96 6.0 1.0 0.0 0.0 0.0 1.0 1.0 0.8415808254224736 1.0 0.0 0.01874312979743787 0.5133903920485919 0.5558639833448994 0.41947238011951615 0.4470348244208073 0.4333187581985134 0.5345698664267423 0.028679245283018868 0.04927007299270073 0.001934701814931327
svg/svg/g_24/g_25/g_26/line_97 6.0 1.0 0.0 0.0 0.0 1.0 1.0 0.8415808254224736 1.0 0.0 0.01874500242505276 0.4968249585864163 0.5558639833448994 0.3919253753097217 0.41935013842343005 0.40569887771461893 0.5262647934113086 0.02852830188679245 0.06678832116788322 0.0026087926578179264
svg/svg/g_24/g_25/g_26/line_98 6.0 1.0 0.0 0.0 0.0 1.0 1.0 0.8415808254224736 1.0 0.0 0.01874687505266765 0.4968249585864163 0.5333102012491325 0.36437837049992716 0.3918111612997232 0.3781518729048244 0.5150183403695756 0.02852830188679245 0.043065693430656936 0.0016821723148771328
svg/svg/g_24/g_25/g_26/line_99 6.0 1.0 0.0 0.0 0.0 1.0 1.0 0.8415808254224736 1.0 0.0 0.018748747680282542 0.5127001656543346 0.5333102012491325 0.3368313656901327 0.36427218417601637 0.35060486809502994 0.522977368676033 0.02852830188679245 0.026277372262773723 0.001026410226026725
svg/svg/g_24/g_25/g_26/line_100 6.0 1.0 0.0 0.0 0.0 1.0 1.0 0.8415808254224736 1.0 0.0 0.018750620307897432 0.5127001656543346 0.5544760582928522 0.3092843608803382 0.3367332070523095 0.32305786328523545 0.533531732299813 0.02852830188679245 0.04854014598540146 0.0018960077786327005
svg/svg/g_24/g_25/g_26/line_101 6.0 1.0 0.0 0.0 0.0 1.0 1.0 0.8415808254224736 1.0 0.0 0.018752492935512323 0.5306460519050248 0.5544760582928522 0.28173735607054373 0.3091942299286027 0.29551085847544095 0.5425288947331995 0.02852830188679245 0.029562043795620437 0.0011547115042800657
svg/svg/g_24/g_25/g_26/line_102 6.0 1.0 0.0 0.0 0.0 1.0 1.0 0.8415808254224736 1.0 0.0 0.018754365563127214 0.5306460519050248 0.6304649548924358 0.2541903512607492 0.28165525280489584 0.26796385366564646 0.5804207903661153 0.02852830188679245 0.10948905109489052 0.004276709275111355
svg/svg/g_24/g_25/g_26/line_103 6.0 1.0 0.0 0.0 0.0 1.0 1.0 0.8415808254224736 1.0 0.0 0.018756238190742104 0.6120927664273882 0.6304649548924358 0.22649759510275475 0.254116275681189 0.24034397318175196 0.6212540660253304 0.028679245283018868 0.023357664233576644 0.0009171919715229995
svg/svg/g_24/g_25/g_26/line_104 6.0 1.0 0.0 0.0 0.0 1.0 1.0 0.8415808254224736 1.0 0.0 0.018758110818356995 0.6120927664273882 0.6526717557251909 0.19895059029296025 0.22643158968381177 0.2127240926978575 0.6323274967125752 0.02852830188679245 0.04671532846715329 0.0018247292907141778
svg/svg/g_24/g_25/g_26/line_105 6.0 1.0 0.0 0.0 0.0 1.0 1.0 0.8415808254224736 1.0 0.0 0.018759983445971885 0.5392738818332413 0.6526717557251909 0.17140358548316575 0.19889261256010493 0.18517708788806297 0.595819779915565 0.02852830188679245 0.12372262773722627 0.004832681480875831
svg/svg/g_24/g_25/g_26/line_106 6.0 1.0 0.0 0.0 0.0 1.0 1.0 0.8415808254224736 1.0 0.0 0.018761856073586772 0.5251242407509663 0.5350451075641915 0.14385658067337126 0.1713536354363981 0.15763008307826848 0.530071285210049 0.02852830188679245 0.014963503649635035 0.0005844836009318851
svg/svg/g_24/g_25/g_26/line_107 6.0 1.0 0.0 0.0 0.0 1.0 1.0 0.8415808254224736 1.0 0.0 0.018763728701201667 0.5251242407509663 0.6457321304649549 0.11630957586357675 0.14381465831269125 0.130083078268474 0.5852654162917849 0.02852830188679245 0.13138686131386862 0.0051320511301336256
svg/svg/g_24/g_25/g_26/line_108 6.0 1.0 0.0 0.0 0.0 1.0 1.0 0.8415808254224736 1.0 0.0 0.018765601328816554 0.6348702374378796 0.6457321304649549 0.08876257105378224 0.11627568118898442 0.1025360734586795 0.6402865250190324 0.02852830188679245 0.015328467153284672 0.0005987392985155896
svg/svg/g_24/g_25/g_26/polyline_1 7.0 1.0 0.0 0.0 0.0 1.0 1.0 0.8415808254224736 1.0 0.0 0.018767473956431444 0.6138183324130314 0.6627342123525329 0.03570908030899287 0.08873670406527757 0.062235825681387566 0.638210256765174 0.054943396226415094 0.05547445255474452 0.004173223470429648
svg/svg/g_24/g_27/g_28/line_109 6.0 1.0 0.0 0.0 0.0 0.26323294524394664 1.0 1.0 1.0 0.0 0.02057830486003045 0.4647294312534511 0.49306037473976405 0.9708497303600059 0.9981057846422848 0.9846232327649032 0.47885666828154194 0.02852830188679245 0.03467153284671533 0.001354291270451929
svg/svg/g_24/g_27/g_28/line_110 6.0 1.0 0.0 0.0 0.0 0.26323294524394664 1.0 1.0 1.0 0.0 0.02059703113617935 0.4647294312534511 0.5600277585010409 0.9433027255502113 0.9705668075185778 0.9570762279551087 0.5122499826977646 0.02852830188679245 0.10510948905109489 0.0041056409041069
svg/svg/g_24/g_27/g_28/line_111 6.0 1.0 0.0 0.0 0.0 0.26323294524394664 1.0 1.0 1.0 0.0 0.020615757412328257 0.5199475427940364 0.5600277585010409 0.9157557207404169 0.943027830394871 0.9295292231453142 0.5399335594158765 0.02852830188679245 0.04671532846715329 0.0018247292907141778
svg/svg/g_24/g_27/g_28/line_112 6.0 1.0 0.0 0.0 0.0 0.26323294524394664 1.0 1.0 1.0 0.0 0.02063448368847716 0.5199475427940364 0.5565579458709229 0.8882087159306224 0.9154888532711642 0.9019822183355196 0.5382033358709944 0.02852830188679245 0.043065693430656936 0.0016821723148771328
svg/svg/g_24/g_27/g_28/line_113 6.0 1.0 0.0 0.0 0.0 0.26323294524394664 1.0 1.0 1.0 0.0 0.020653209964626065 0.38604362230811706 0.5565579458709229 0.860661711120828 0.8879498761474574 0.8744352135257252 0.47107066232957295 0.02852830188679245 0.18467153284671534 0.007213382977354485
svg/svg/g_24/g_27/g_28/line_114 6.0 1.0 0.0 0.0 0.0 0.26323294524394664 1.0 1.0 1.0 0.0 0.020671936240774968 0.3712037548315848 0.3809854267869535 0.8329689549628335 0.8604108990237506 0.8468153330418308 0.3760813897155513 0.028679245283018868 0.015693430656934307 0.0006162383558670153
svg/svg/g_24/g_27/g_28/line_115 6.0 1.0 0.0 0.0 0.0 0.26323294524394664 1.0 1.0 1.0 0.0 0.02069066251692387 0.32702926559911655 0.3660652324774462 0.8054219501530389 0.8327262130263734 0.8191954525579362 0.3464945670980691 0.02852830188679245 0.04671532846715329 0.0018247292907141778
svg/svg/g_24/g_27/g_28/line_116 6.0 1.0 0.0 0.0 0.0 0.26323294524394664 1.0 1.0 1.0 0.0 0.020709388793072776 0.32702926559911655 0.32616238723108953 0.7778749453432444 0.8051872359026664 0.7916484477481417 0.32659699633192607 0.02852830188679245 0.004744525547445255 0.0001853240685881587
svg/svg/g_24/g_27/g_28/line_117 6.0 1.0 0.0 0.0 0.0 0.26323294524394664 1.0 1.0 1.0 0.0 0.02072811506922168 0.32702926559911655 0.32616238723108953 0.75032794053345 0.7776482587789596 0.7641014429383473 0.32659699633192607 0.02852830188679245 0.004744525547445255 0.0001853240685881587
svg/svg/g_24/g_27/g_28/line_118 6.0 1.0 0.0 0.0 0.0 0.26323294524394664 1.0 1.0 1.0 0.0 0.020746841345370585 0.32702926559911655 0.42539902845246363 0.7227809357236555 0.7501092816552528 0.7365544381285527 0.3760813897155513 0.02852830188679245 0.10912408759124087 0.00426245357752765
svg/svg/g_24/g_27/g_28/line_119 6.0 1.0 0.0 0.0 0.0 0.26323294524394664 1.0 1.0 1.0 0.0 0.02059703113617935 0.40329928216454997 0.42539902845246363 0.6952339309138611 0.722570304531546 0.7090074333187583 0.4143193300574434 0.02852830188679245 0.02846715328467153 0.001111944411528952
svg/svg/g_24/g_27/g_28/line_120 6.0 1.0 0.0 0.0 0.0 0.26323294524394664 1.0 1.0 1.0 0.0 0.02059890376379424 0.40329928216454997 0.542678695350451 0.6676869261040665 0.6950313274078392 0.6814604285089638 0.47280088587445496 0.02852830188679245 0.15182481751824817 0.0059303701948210785
svg/svg/g_24/g_27/g_28/line_121 6.0 1.0 0.0 0.0 0.0 0.26323294524394664 1.0 1.0 1.0 0.0 0.020600776391409135 0.49751518498067365 0.542678695350451 0.6399941699460722 0.6674923502841323 0.6538405480250693 0.5200359886497335 0.028679245283018868 0.052189781021897814 0.0020493508113717017
svg/svg/g_24/g_27/g_28/line_122 6.0 1.0 0.0 0.0 0.0 0.26323294524394664 1.0 1.0 1.0 0.0 0.020602649019024023 0.49751518498067365 0.6315058986814712 0.6124471651362776 0.6398076642867552 0.6262206675411749 0.5643297113987126 0.02852830188679245 0.14562043795620438 0.005688023335898101
svg/svg/g_24/g_27/g_28/line_123 6.0 1.0 0.0 0.0 0.0 0.26323294524394664 1.0 1.0 1.0 0.0 0.020604521646638913 0.5416896742131418 0.6315058986814712 0.5849001603264831 0.6122686871630483 0.5986736627313803 0.5864765727732022 0.02852830188679245 0.0989051094890511 0.003863294045183924
svg/svg/g_24/g_27/g_28/line_124 6.0 1.0 0.0 0.0 0.0 0.26323294524394664 1.0 1.0 1.0 0.0 0.020606394274253804 0.5416896742131418 0.5721721027064538 0.5573531555166886 0.5847297100393415 0.5711266579215859 0.5568897501557201 0.02852830188679245 0.0364963503649635 0.0014255697583704515
svg/svg/g_24/g_27/g_28/line_125 6.0 1.0 0.0 0.0 0.0 0.26323294524394664 1.0 1.0 1.0 0.0 0.020608266901868694 0.5468663721700717 0.5721721027064538 0.5298061507068941 0.5571907329156347 0.5435796531117913 0.559485085473043 0.02852830188679245 0.03102189781021898 0.0012117342946148838
svg/svg/g_24/g_27/g_28/line_126 6.0 1.0 0.0 0.0 0.0 0.26323294524394664 1.0 1.0 1.0 0.0 0.020610139529483585 0.5468663721700717 0.6204024982650936 0.5022591458970996 0.5296517557919278 0.5160326483019969 0.5835351927469028 0.02852830188679245 0.08175182481751825 0.0031932762587498116
svg/svg/g_24/g_27/g_28/line_127 6.0 1.0 0.0 0.0 0.0 0.26323294524394664 1.0 1.0 1.0 0.0 0.020612012157098476 0.6241717283268912 0.6457321304649549 0.4747121410873051 0.502112778668221 0.4884856434922024 0.6349228320298982 0.02852830188679245 0.02664233576642336 0.0010406659236104295
svg/svg/g_24/g_27/g_28/line_128 6.0 1.0 0.0 0.0 0.0 0.26323294524394664 1.0 1.0 1.0 0.0 0.020613884784713366 0.6179596907785754 0.6457321304649549 0.44716513627751064 0.47457380154451406 0.46093863868240786 0.6318084296491105 0.02852830188679245 0.03321167883211679 0.0012972684801171109
svg/svg/g_24/g_27/g_28/line_129 6.0 1.0 0.0 0.0 0.0 0.26323294524394664 1.0 1.0 1.0 0.0 0.020615757412328257 0.6179596907785754 0.660999306037474 0.41947238011951615 0.4470348244208073 0.4333187581985134 0.6394214132465914 0.028679245283018868 0.04927007299270073 0.001934701814931327
svg/svg/g_24/g_27/g_28/line_130 6.0 1.0 0.0 0.0 0.0 0.26323294524394664 1.0 1.0 1.0 0.0 0.020617630039943144 0.59104086140254 0.660999306037474 0.3919253753097217 0.41935013842343005 0.40569887771461893 0.6259256695965119 0.02852830188679245 0.07773722627737227 0.003036463585329062
svg/svg/g_24/g_27/g_28/line_131 6.0 1.0 0.0 0.0 0.0 0.26323294524394664 1.0 1.0 1.0 0.0 0.020619502667558038 0.59104086140254 0.6315058986814712 0.36437837049992716 0.3918111612997232 0.3781518729048244 0.6112187694650149 0.02852830188679245 0.04671532846715329 0.0018247292907141778
svg/svg/g_24/g_27/g_28/line_132 6.0 1.0 0.0 0.0 0.0 0.26323294524394664 1.0 1.0 1.0 0.0 0.02062137529517293 0.6276228602981778 0.6315058986814712 0.3368313656901327 0.36427218417601637 0.35060486809502994 0.629559139040764 0.02852830188679245 0.008029197080291971 0.0003136253468414993
svg/svg/g_24/g_27/g_28/line_133 6.0 1.0 0.0 0.0 0.0 0.26323294524394664 1.0 1.0 1.0 0.0 0.020623247922787816 0.6276228602981778 0.638792505204719 0.3092843608803382 0.3367332070523095 0.32305786328523545 0.6331926084850162 0.02852830188679245 0.015693430656934307 0.0006129949960992941
svg/svg/g_24/g_27/g_28/line_134 6.0 1.0 0.0 0.0 0.0 0.26323294524394664 1.0 1.0 1.0 0.0 0.02062512055040271 0.6352153506350083 0.638792505204719 0.28173735607054373 0.3091942299286027 0.29551085847544095 0.6369991002837566 0.02852830188679245 0.007664233576642336 0.0002993696492577948
svg/svg/g_24/g_27/g_28/line_135 6.0 1.0 0.0 0.0 0.0 0.26323294524394664 1.0 1.0 1.0 0.0 0.0206269931780176 0.6352153506350083 0.7147814018043026 0.2541903512607492 0.28165525280489584 0.26796385366564646 0.6748909959166723 0.02852830188679245 0.08759124087591241 0.0034213674200890836
svg/svg/g_24/g_27/g_28/line_136 6.0 1.0 0.0 0.0 0.0 0.26323294524394664 1.0 1.0 1.0 0.0 0.020628865805632488 0.6959552733296521 0.7147814018043026 0.22649759510275475 0.254116275681189 0.24034397318175196 0.7053429303065956 0.028679245283018868 0.023357664233576644 0.0009171919715229995
svg/svg/g_24/g_27/g_28/line_137 6.0 1.0 0.0 0.0 0.0 0.26323294524394664 1.0 1.0 1.0 0.0 0.020630738433247378 0.6959552733296521 0.7369882026370576 0.19895059029296025 0.22643158968381177 0.2127240926978575 0.7164163609938403 0.02852830188679245 0.04671532846715329 0.0018247292907141778
svg/svg/g_24/g_27/g_28/line_138 6.0 1.0 0.0 0.0 0.0 0.26323294524394664 1.0 1.0 1.0 0.0 0.020632611060862272 0.7107951408061843 0.7369882026370576 0.17140358548316575 0.19889261256010493 0.18517708788806297 0.7238563222368328 0.02852830188679245 0.03102189781021898 0.0012117342946148838
svg/svg/g_24/g_27/g_28/line_139 6.0 1.0 0.0 0.0 0.0 0.26323294524394664 1.0 1.0 1.0 0.0 0.02063448368847716 0.6966454997239094 0.7074947952810547 0.14385658067337126 0.1713536354363981 0.15763008307826848 0.7020555055713198 0.02852830188679245 0.014963503649635035 0.0005844836009318851
svg/svg/g_24/g_27/g_28/line_140 6.0 1.0 0.0 0.0 0.0 0.26323294524394664 1.0 1.0 1.0 0.0 0.02063635631609205 0.6966454997239094 0.7300485773768216 0.11630957586357675 0.14381465831269125 0.130083078268474 0.7133019586130528 0.02852830188679245 0.03868613138686131 0.0015111039438726786
svg/svg/g_24/g_27/g_28/line_141 6.0 1.0 0.0 0.0 0.0 0.26323294524394664 1.0 1.0 1.0 0.0 0.02063822894370694 0.7187327443401436 0.7300485773768216 0.08876257105378224 0.11627568118898442 0.1025360734586795 0.7243753893002975 0.02852830188679245 0.015328467153284672 0.0005987392985155896
svg/svg/g_24/g_27/g_28/polyline_2 7.0 1.0 0.0 0.0 0.0 0.26323294524394664 1.0 1.0 1.0 0.0 0.02064010157132183 0.7080342352291552 0.7609299097848716 0.03570908030899287 0.08873670406527757 0.062235825681387566 0.7344106858606131 0.054943396226415094 0.059124087591240874 0.004447777646115808
svg/svg/g_29/polygon 8.0 0.7 0.8013853940708605 1.0 1.0 0.0 0.0 0.0 0.0 0.0 0.0003539266192142829 0.07406129210381007 0.7623178348369188 0.03483457221979304 0.999271455631648 0.5171986590875967 0.41726071008374277 0.9990943396226415 0.731021897810219 1.0
svg/svg/g_30/polygon_1 8.0 0.7 0.10690961677512653 1.0 0.674705828136041 0.0 0.0 0.0 0.0 0.0 0.0005411893807033215 0.32633903920485924 0.8872310895211658 0.035126074916192976 0.999271455631648 0.5173444104357966 0.6060280988303688 0.9987924528301887 0.5956204379562043 0.8145316396156633
svg/svg/g_31/polygon_2 8.0 0.5 1.0 0.95238 0.5060216903745123 0.0 0.0 0.0 0.0 0.0 0.0007284521421923601 0.5099392600773054 0.943442054129077 0.03468882087159307 0.999271455631648 0.5171257834134967 0.7261056128451795 0.999245283018868 0.46058394160583943 0.6301501064613986
svg/svg/g_32/g_33/g_34/path_18 2.0 1.0 0.0 0.0 0.7530185259147747 0.0 0.0 0.0 0.0 0.0 0.09361078184075548 0.9982744340143567 0.9965301873698821 1.0 0.9997085822526591 1.0 0.997404664682677 0.0 0.0 0.0
svg/svg/g_32/g_33/g_34/path_19 2.0 1.0 0.0 0.0 0.7530185259147747 0.0 0.0 0.0 0.0 0.0 0.09362950811690439 0.9792932081722805 0.9774462179042331 0.9930039352864015 0.9981057846422848 0.995700335228101 0.978372205688975 0.005584905660377359 0.0 0.0
svg/svg/g_32/g_33/g_34/path_20 2.0 1.0 0.0 0.0 0.7530185259147747 0.0 0.0 0.0 0.0 0.0 0.0936482343930533 0.9865405853119824 0.984732824427481 0.9890686488850022 0.9887804167273786 0.9890686488850022 0.9856391445774795 0.0 0.0 0.0
svg/svg/g_32/g_35/g_36/path_21 2.0 1.0 0.0 0.0 0.7530185259147747 0.0 0.0 0.0 0.0 0.0 0.09548340945564587 1.0 1.0 0.9734732546276054 0.9731895672446452 0.9734732546276054 1.0 0.0 0.0018248175182481751 0.0
svg/svg/g_32/g_35/g_36/path_22 2.0 1.0 0.0 0.0 0.7530185259147747 0.0 0.0 0.0 0.0 0.0 0.09550213573179478 0.9792932081722805 0.9774462179042331 0.9667686926104067 0.9718781873816116 0.9694650925521062 0.978372205688975 0.005584905660377359 0.0 0.0
svg/svg/g_32/g_35/g_36/path_23 2.0 1.0 0.0 0.0 0.7530185259147747 0.0 0.0 0.0 0.0 0.0 0.09552086200794369 0.9865405853119824 0.984732824427481 0.9628334062090075 0.9625528194667055 0.9628334062090075 0.9856391445774795 0.0 0.0 0.0
svg/svg/g_32/g_37/g_38/path_24 2.0 1.0 0.0 0.0 0.7530185259147747 0.0 0.0 0.0 0.0 0.0 0.09735603707053626 0.9820541137493098 0.9802220680083276 0.9478210173444105 0.9475448054786536 0.9478210173444105 0.9811405633607863 0.0 0.0 0.0
svg/svg/g_32/g_37/g_38/path_25 2.0 1.0 0.0 0.0 0.7530185259147747 0.0 0.0 0.0 0.0 0.0 0.09737476334668517 0.9792932081722805 0.9774462179042331 0.9437399795948114 0.9434649570158823 0.9437399795948114 0.978372205688975 0.0 0.0 0.0
svg/svg/g_32/g_37/g_38/path_26 2.0 1.0 0.0 0.0 0.7530185259147747 0.0 0.0 0.0 0.0 0.0 0.09739348962283408 0.9865405853119824 0.984732824427481 0.9344118933100131 0.9341395891009762 0.9344118933100131 0.9856391445774795 0.0 0.0 0.0
svg/svg/g_32/g_39/g_40/path_27 2.0 1.0 0.0 0.0 0.7530185259147747 0.0 0.0 0.0 0.0 0.0 0.09922866468542664 0.9833310325786858 0.9888965995836225 0.9188164990526163 0.9237942590703775 0.9214400233202157 0.9861063049345976 0.005433962264150944 0.007773722627737226 5.783740162531546e-05
svg/svg/g_32/g_39/g_40/path_28 2.0 1.0 0.0 0.0 0.7530185259147747 0.0 0.0 0.0 0.0 0.0 0.09924739096157555 0.9792932081722805 0.9774462179042331 0.9163387261332168 0.9160716887658458 0.9163387261332168 0.978372205688975 0.0 0.0 0.0
svg/svg/g_32/g_39/g_40/path_29 2.0 1.0 0.0 0.0 0.7530185259147747 0.0 0.0 0.0 0.0 0.0 0.09926611723772447 0.9865405853119824 0.984732824427481 0.9071563911966186 0.9068920297246102 0.9071563911966186 0.9856391445774795 0.0 0.0 0.0
svg/svg/g_32/g_41/g_42/path_30 2.0 1.0 0.0 0.0 0.7530185259147747 0.0 0.0 0.0 0.0 0.0 0.10110129230031703 0.9834000552181116 0.9979181124219292 0.8908322401982218 0.8913303220166108 0.8912111937035417 0.9906394906221885 0.0007849056603773585 0.01718978102189781 1.8472065281741986e-05
svg/svg/g_32/g_41/g_42/path_31 2.0 1.0 0.0 0.0 0.7530185259147747 0.0 0.0 0.0 0.0 0.0 0.10112001857646594 0.9813638873550525 0.9958709229701597 0.8873050575717826 0.8876584584001165 0.8876111354030026 0.9885978268392276 0.0006339622641509434 0.01718978102189781 1.4919454931517212e-05
svg/svg/g_32/g_41/g_42/path_32 2.0 1.0 0.0 0.0 0.7530185259147747 0.0 0.0 0.0 0.0 0.0 0.10113874485261484 0.9865405853119824 0.984732824427481 0.8794636350386242 0.879207343727233 0.8794636350386242 0.9856391445774795 0.0 0.0 0.0
svg/svg/g_32/g_43/g_44/path_33 2.0 1.0 0.0 0.0 0.7530185259147747 0.0 0.0 0.0 0.0 0.0 0.10297391991520742 0.9825717835450027 0.9978140180430257 0.8628479813438276 0.8676963427072709 0.8653986299373271 0.9901723302650703 0.005283018867924529 0.017956204379562045 0.00012988524465153
svg/svg/g_32/g_43/g_44/path_34 2.0 1.0 0.0 0.0 0.7530185259147747 0.0 0.0 0.0 0.0 0.0 0.10299264619135633 0.9813638873550525 0.9958709229701597 0.860195306806588 0.8605566078974208 0.860501384637808 0.9885978268392276 0.0006339622641509434 0.01718978102189781 1.4919454931517212e-05
svg/svg/g_32/g_43/g_44/path_35 2.0 1.0 0.0 0.0 0.7530185259147747 0.0 0.0 0.0 0.0 0.0 0.10301137246750523 0.9865405853119824 0.984732824427481 0.8523538842734296 0.8521054932245373 0.8523538842734296 0.9856391445774795 0.0 0.0 0.0
svg/svg/g_32/g_45/g_46/path_36 2.0 1.0 0.0 0.0 0.7530185259147747 0.0 0.0 0.0 0.0 0.0 0.1048465475300978 0.9792932081722805 0.9774462179042331 0.8405480250692319 0.8403030744572344 0.8405480250692319 0.978372205688975 0.0 0.0 0.0
svg/svg/g_32/g_45/g_46/path_37 2.0 1.0 0.0 0.0 0.7530185259147747 0.0 0.0 0.0 0.0 0.0 0.1048652738062467 0.9813638873550525 0.9958709229701597 0.8316280425593937 0.8321433775316917 0.8320069960647136 0.9885978268392276 0.0007849056603773585 0.01718978102189781 1.8472065281741986e-05
svg/svg/g_32/g_45/g_46/path_38 2.0 1.0 0.0 0.0 0.7530185259147747 0.0 0.0 0.0 0.0 0.0 0.10488400008239562 0.9865405853119824 0.984732824427481 0.8237866200262353 0.8235465539851377 0.8237866200262353 0.9856391445774795 0.0 0.0 0.0
svg/svg/g_32/g_47/g_48/path_39 2.0 1.0 0.0 0.0 0.7530185259147747 0.0 0.0 0.0 0.0 0.0 0.10671917514498819 0.9813638873550525 0.9958709229701597 0.8123888645969977 0.812909806207198 0.8127678181023176 0.9885978268392276 0.0007849056603773585 0.01718978102189781 1.8472065281741986e-05
svg/svg/g_32/g_47/g_48/path_40 2.0 1.0 0.0 0.0 0.7530185259147747 0.0 0.0 0.0 0.0 0.0 0.1067379014211371 0.9813638873550525 0.9958709229701597 0.804955545838799 0.8053329447763369 0.8052616236700191 0.9885978268392276 0.0006339622641509434 0.01718978102189781 1.4919454931517212e-05
svg/svg/g_32/g_47/g_48/path_41 2.0 1.0 0.0 0.0 0.7530185259147747 0.0 0.0 0.0 0.0 0.0 0.106756627697286 0.9865405853119824 0.984732824427481 0.7971141233056407 0.7968818301034534 0.7971141233056407 0.9856391445774795 0.0 0.0 0.0
svg/svg/g_32/g_49/g_50/path_42 2.0 1.0 0.0 0.0 0.7530185259147747 0.0 0.0 0.0 0.0 0.0 0.10859180275987858 0.981709000552181 0.9798750867453158 0.785454015449643 0.7852251202098208 0.785454015449643 0.9807945186518098 0.0 0.0 0.0
svg/svg/g_32/g_49/g_50/path_43 2.0 1.0 0.0 0.0 0.7530185259147747 0.0 0.0 0.0 0.0 0.0 0.10861052903602748 0.9813638873550525 0.9958709229701597 0.7769712869844047 0.7775025499052891 0.7773502404897246 0.9885978268392276 0.0007849056603773585 0.01718978102189781 1.8472065281741986e-05
svg/svg/g_32/g_49/g_50/path_44 2.0 1.0 0.0 0.0 0.7530185259147747 0.0 0.0 0.0 0.0 0.0 0.10862925531217639 0.9865405853119824 0.984732824427481 0.7691298644512462 0.7689057263587352 0.7691298644512462 0.9856391445774795 0.0 0.0 0.0
svg/svg/g_32/g_51/g_52/path_45 2.0 1.0 0.0 0.0 0.7530185259147747 0.0 0.0 0.0 0.0 0.0 0.11046443037476895 0.9930977360574268 1.0 0.7525142107564495 0.756666180970421 0.7547004809794491 0.996539552910236 0.004528301886792453 0.009124087591240875 5.657022850676395e-05
svg/svg/g_32/g_51/g_52/path_46 2.0 1.0 0.0 0.0 0.7530185259147747 0.0 0.0 0.0 0.0 0.0 0.11048315665091786 0.9813638873550525 0.9958709229701597 0.7489870281300103 0.7493807372869008 0.7492931059612301 0.9885978268392276 0.0006339622641509434 0.01718978102189781 1.4919454931517212e-05
svg/svg/g_32/g_51/g_52/path_47 2.0 1.0 0.0 0.0 0.7530185259147747 0.0 0.0 0.0 0.0 0.0 0.11050188292706678 0.9865405853119824 0.984732824427481 0.740999854248652 0.7407839137403469 0.740999854248652 0.9856391445774795 0.0 0.0 0.0
svg/svg/g_32/g_53/g_54/path_48 2.0 1.0 0.0 0.0 0.7530185259147747 0.0 0.0 0.0 0.0 0.0 0.9550194846903329 0.9982744340143567 0.9965301873698821 0.725550211339455 0.7253387731312838 0.725550211339455 0.997404664682677 0.0 0.0 0.0
svg/svg/g_32/g_53/g_54/path_49 2.0 1.0 0.0 0.0 0.7530185259147747 0.0 0.0 0.0 0.0 0.0 0.9550382109664819 0.9813638873550525 0.9958709229701597 0.7224602827576156 0.7230074311525572 0.7228392362629356 0.9885978268392276 0.0007849056603773585 0.01718978102189781 1.8472065281741986e-05
svg/svg/g_32/g_53/g_54/path_50 2.0 1.0 0.0 0.0 0.7530185259147747 0.0 0.0 0.0 0.0 0.0 0.9550569372426307 0.9865405853119824 0.984732824427481 0.7146188602244572 0.7144106076060033 0.7146188602244572 0.9856391445774795 0.0 0.0 0.0
svg/svg/g_32/g_55/g_56/path_51 2.0 1.0 0.0 0.0 0.7530185259147747 0.0 0.0 0.0 0.0 0.0 0.9568921123052233 1.0 1.0 0.6977117038332605 0.697508378260236 0.6977117038332605 1.0 0.0 0.0018248175182481751 0.0
svg/svg/g_32/g_55/g_56/path_52 2.0 1.0 0.0 0.0 0.7530185259147747 0.0 0.0 0.0 0.0 0.0 0.9569108385813724 0.9813638873550525 0.9958709229701597 0.695059029296021 0.6954684540288504 0.6953651071272411 0.9885978268392276 0.0006339622641509434 0.01718978102189781 1.4919454931517212e-05
svg/svg/g_32/g_55/g_56/path_53 2.0 1.0 0.0 0.0 0.7530185259147747 0.0 0.0 0.0 0.0 0.0 0.9569295648575211 0.9865405853119824 0.984732824427481 0.6870718554146628 0.6868716304822965 0.6870718554146628 0.9856391445774795 0.0 0.0 0.0
svg/svg/g_32/g_57/g_58/path_54 2.0 1.0 0.0 0.0 0.7530185259147747 0.0 0.0 0.0 0.0 0.0 0.9587647399201138 0.9820541137493098 0.9802220680083276 0.6723509692464656 0.6721550342415854 0.6723509692464656 0.9811405633607863 0.0 0.0 0.0
svg/svg/g_32/g_57/g_58/path_55 2.0 1.0 0.0 0.0 0.7530185259147747 0.0 0.0 0.0 0.0 0.0 0.9587834661962628 0.9813638873550525 0.9958709229701597 0.6667832677452268 0.6672009325367916 0.6670893455764466 0.9885978268392276 0.0006339622641509434 0.01718978102189781 1.4919454931517212e-05
svg/svg/g_32/g_57/g_58/path_56 2.0 1.0 0.0 0.0 0.7530185259147747 0.0 0.0 0.0 0.0 0.0 0.9588021924724115 0.9865405853119824 0.984732824427481 0.6589418452120683 0.658749817863908 0.6589418452120683 0.9856391445774795 0.0 0.0 0.0
svg/svg/g_32/g_59/g_60/path_57 2.0 1.0 0.0 0.0 0.7530185259147747 0.0 0.0 0.0 0.0 0.0 0.9606373675350042 0.9833310325786858 0.9888965995836225 0.6434922023028714 0.6485501967069796 0.6461157265704709 0.9861063049345976 0.005433962264150944 0.007773722627737226 5.783740162531546e-05
svg/svg/g_32/g_59/g_60/path_58 2.0 1.0 0.0 0.0 0.7530185259147747 0.0 0.0 0.0 0.0 0.0 0.9606560938111531 0.9813638873550525 0.9958709229701597 0.6396735169800322 0.6400990820340959 0.6399795948112521 0.9885978268392276 0.0006339622641509434 0.01718978102189781 1.4919454931517212e-05
svg/svg/g_32/g_59/g_60/path_59 2.0 1.0 0.0 0.0 0.7530185259147747 0.0 0.0 0.0 0.0 0.0 0.9606748200873019 0.9865405853119824 0.984732824427481 0.6316863430986738 0.6315022584875419 0.6316863430986738 0.9856391445774795 0.0 0.0 0.0
svg/svg/g_32/g_61/g_62/path_60 2.0 1.0 0.0 0.0 0.7530185259147747 0.0 0.0 0.0 0.0 0.0 0.9625099951498945 0.9834000552181116 0.9979181124219292 0.615362192100277 0.616086259653213 0.6158140212796969 0.9906394906221885 0.0009358490566037735 0.01718978102189781 2.2024675631966763e-05
svg/svg/g_32/g_61/g_62/path_61 2.0 1.0 0.0 0.0 0.7530185259147747 0.0 0.0 0.0 0.0 0.0 0.9625287214260435 0.981709000552181 0.9798750867453158 0.6128844191808775 0.6127058137840595 0.6128844191808775 0.9807945186518098 0.0 0.0 0.0
svg/svg/g_32/g_61/g_62/path_62 2.0 1.0 0.0 0.0 0.7530185259147747 0.0 0.0 0.0 0.0 0.0 0.9625474477021922 0.9865405853119824 0.984732824427481 0.6039935869406793 0.6038175724901648 0.6039935869406793 0.9856391445774795 0.0 0.0 0.0
svg/svg/g_32/g_63/g_64/path_63 2.0 1.0 0.0 0.0 0.7530185259147747 0.0 0.0 0.0 0.0 0.0 0.9643826227647849 0.9825717835450027 0.9978140180430257 0.5866491765048828 0.5915780271018506 0.5891998250983822 0.9901723302650703 0.005283018867924529 0.017956204379562045 0.00012988524465153
svg/svg/g_32/g_63/g_64/path_64 2.0 1.0 0.0 0.0 0.7530185259147747 0.0 0.0 0.0 0.0 0.0 0.9644013490409339 0.981709000552181 0.9798750867453158 0.5850459116746831 0.5848754189130119 0.5850459116746831 0.9807945186518098 0.0 0.0 0.0
svg/svg/g_32/g_63/g_64/path_65 2.0 1.0 0.0 0.0 0.7530185259147747 0.0 0.0 0.0 0.0 0.0 0.9644200753170826 0.9865405853119824 0.984732824427481 0.5761550794344849 0.5759871776191171 0.5761550794344849 0.9856391445774795 0.0 0.0 0.0
svg/svg/g_32/g_65/g_66/path_66 2.0 1.0 0.0 0.0 0.7530185259147747 0.0 0.0 0.0 0.0 0.0 0.9662552503796753 0.9792932081722805 0.9774462179042331 0.5662439877568868 0.5660789742095294 0.5662439877568868 0.978372205688975 0.0 0.0 0.0
svg/svg/g_32/g_65/g_66/path_67 2.0 1.0 0.0 0.0 0.7530185259147747 0.0 0.0 0.0 0.0 0.0 0.9662739766558243 0.981709000552181 0.9798750867453158 0.5582276636058884 0.558064986157657 0.5582276636058884 0.9807945186518098 0.0 0.0 0.0
svg/svg/g_32/g_65/g_66/path_68 2.0 1.0 0.0 0.0 0.7530185259147747 0.0 0.0 0.0 0.0 0.0 0.966292702931973 0.9865405853119824 0.984732824427481 0.5493368313656902 0.5491767448637623 0.5493368313656902 0.9856391445774795 0.0 0.0 0.0
svg/svg/g_32/g_67/g_68/path_69 2.0 1.0 0.0 0.0 0.7530185259147747 0.0 0.0 0.0 0.0 0.0 0.9681278779945657 0.9813638873550525 0.9958709229701597 0.5358985570616529 0.5365000728544369 0.5362775105669728 0.9885978268392276 0.0007849056603773585 0.01718978102189781 1.8472065281741986e-05
svg/svg/g_32/g_67/g_68/path_70 2.0 1.0 0.0 0.0 0.7530185259147747 0.0 0.0 0.0 0.0 0.0 0.9681466042707146 0.981709000552181 0.9798750867453158 0.5293688966622941 0.5292146291709166 0.5293688966622941 0.9807945186518098 0.0 0.0 0.0
svg/svg/g_32/g_67/g_68/path_71 2.0 1.0 0.0 0.0 0.7530185259147747 0.0 0.0 0.0 0.0 0.0 0.9681653305468635 0.9865405853119824 0.984732824427481 0.5206238157702959 0.5204720967506922 0.5206238157702959 0.9856391445774795 0.0 0.0 0.0
svg/svg/g_32/g_69/g_70/path_72 2.0 1.0 0.0 0.0 0.7530185259147747 0.0 0.0 0.0 0.0 0.0 0.970000505609456 0.981709000552181 0.9798750867453158 0.5089637079142982 0.5088153868570596 0.5089637079142982 0.9807945186518098 0.0 0.0 0.0
svg/svg/g_32/g_69/g_70/path_73 2.0 1.0 0.0 0.0 0.7530185259147747 0.0 0.0 0.0 0.0 0.0 0.970019231885605 0.981709000552181 0.9798750867453158 0.5015303891560998 0.5013842342998689 0.5015303891560998 0.9807945186518098 0.0 0.0 0.0
svg/svg/g_32/g_69/g_70/path_74 2.0 1.0 0.0 0.0 0.7530185259147747 0.0 0.0 0.0 0.0 0.0 0.9700379581617539 0.9865405853119824 0.984732824427481 0.49278530826410155 0.4926417018796445 0.49278530826410155 0.9856391445774795 0.0 0.0 0.0
svg/svg/g_32/g_71/g_72/path_75 2.0 1.0 0.0 0.0 0.7530185259147747 0.0 0.0 0.0 0.0 0.0 0.9718731332243464 0.9930977360574268 1.0 0.4806879463635039 0.48054786536500077 0.4806879463635039 0.996539552910236 0.0 0.009124087591240875 0.0
svg/svg/g_32/g_71/g_72/path_76 2.0 1.0 0.0 0.0 0.7530185259147747 0.0 0.0 0.0 0.0 0.0 0.9718918595004954 0.981709000552181 0.9798750867453158 0.47500364378370513 0.47486521929185493 0.47500364378370513 0.9807945186518098 0.0 0.0 0.0
svg/svg/g_32/g_71/g_72/path_77 2.0 1.0 0.0 0.0 0.7530185259147747 0.0 0.0 0.0 0.0 0.0 0.9719105857766442 0.9865405853119824 0.984732824427481 0.46611281154350687 0.4659769779979601 0.46611281154350687 0.9856391445774795 0.0 0.0 0.0
svg/svg/g_32/g_73/g_74/path_78 2.0 1.0 0.0 0.0 0.7530185259147747 0.0 0.0 0.0 0.0 0.0 0.9737457608392368 0.9982744340143567 0.9965301873698821 0.44978866054511013 0.45067754626256745 0.45029879026381 0.997404664682677 0.0010566037735849057 0.0 0.0
svg/svg/g_32/g_73/g_74/path_79 2.0 1.0 0.0 0.0 0.7530185259147747 0.0 0.0 0.0 0.0 0.0 0.9737644871153858 0.981709000552181 0.9798750867453158 0.4476023903221106 0.4474719510418185 0.4476023903221106 0.9807945186518098 0.0 0.0 0.0
svg/svg/g_32/g_73/g_74/path_80 2.0 1.0 0.0 0.0 0.7530185259147747 0.0 0.0 0.0 0.0 0.0 0.9737832133915346 0.9865405853119824 0.984732824427481 0.4388573094301123 0.4387294186215941 0.4388573094301123 0.9856391445774795 0.0 0.0 0.0
svg/svg/g_32/g_75/g_76/path_81 2.0 1.0 0.0 0.0 0.7530185259147747 0.0 0.0 0.0 0.0 0.0 0.9756183884541272 1.0 1.0 0.4215128989943157 0.4213900626548157 0.4215128989943157 1.0 0.0 0.0018248175182481751 0.0
svg/svg/g_32/g_75/g_76/path_82 2.0 1.0 0.0 0.0 0.7530185259147747 0.0 0.0 0.0 0.0 0.0 0.9756371147302761 0.981709000552181 0.9798750867453158 0.4197638828159161 0.4196415561707708 0.4197638828159161 0.9807945186518098 0.0 0.0 0.0
svg/svg/g_32/g_75/g_76/path_83 2.0 1.0 0.0 0.0 0.7530185259147747 0.0 0.0 0.0 0.0 0.0 0.975655841006425 0.9865405853119824 0.984732824427481 0.41087305057571794 0.41075331487687605 0.41087305057571794 0.9856391445774795 0.0 0.0 0.0
svg/svg/g_32/g_77/g_78/path_84 2.0 1.0 0.0 0.0 0.7530185259147747 0.0 0.0 0.0 0.0 0.0 0.9774910160690176 0.9820541137493098 0.9802220680083276 0.39658941845212076 0.3964738452571762 0.39658941845212076 0.9811405633607863 0.0 0.0 0.0
svg/svg/g_32/g_77/g_78/path_85 2.0 1.0 0.0 0.0 0.7530185259147747 0.0 0.0 0.0 0.0 0.0 0.9775097423451665 0.981709000552181 0.9798750867453158 0.39207112665792165 0.3919568701733936 0.39207112665792165 0.9807945186518098 0.0 0.0 0.0
svg/svg/g_32/g_77/g_78/path_86 2.0 1.0 0.0 0.0 0.7530185259147747 0.0 0.0 0.0 0.0 0.0 0.9775284686213154 0.9865405853119824 0.984732824427481 0.38318029441772344 0.38306862887949883 0.38318029441772344 0.9856391445774795 0.0 0.0 0.0
svg/svg/g_32/g_79/g_80/path_87 2.0 1.0 0.0 0.0 0.7530185259147747 0.0 0.0 0.0 0.0 0.0 0.9793636436839079 0.9833310325786858 0.9888965995836225 0.3677306515085265 0.37272329884889993 0.37028130010202603 0.9861063049345976 0.005283018867924529 0.007773722627737226 5.6230807135723365e-05
svg/svg/g_32/g_79/g_80/path_88 2.0 1.0 0.0 0.0 0.7530185259147747 0.0 0.0 0.0 0.0 0.0 0.979382369960057 0.981709000552181 0.9798750867453158 0.3646698731963271 0.36456360192335713 0.3646698731963271 0.9807945186518098 0.0 0.0 0.0
svg/svg/g_32/g_79/g_80/path_89 2.0 1.0 0.0 0.0 0.7530185259147747 0.0 0.0 0.0 0.0 0.0 0.9794010962362057 0.9865405853119824 0.984732824427481 0.35592479230432883 0.35582106950313275 0.35592479230432883 0.9856391445774795 0.0 0.0 0.0
svg/svg/g_32/g_81/g_82/path_90 2.0 1.0 0.0 0.0 0.7530185259147747 0.0 0.0 0.0 0.0 0.0 0.9812362712987984 0.9834000552181116 0.9979181124219292 0.33960064130593215 0.3402593617951334 0.33997959481125206 0.9906394906221885 0.0007849056603773585 0.01718978102189781 1.8472065281741986e-05
svg/svg/g_32/g_81/g_82/path_91 2.0 1.0 0.0 0.0 0.7530185259147747 0.0 0.0 0.0 0.0 0.0 0.9812549975749474 0.9930977360574268 1.0 0.335373852208133 0.3352761183156055 0.335373852208133 0.996539552910236 0.0 0.009124087591240875 0.0
svg/svg/g_32/g_81/g_82/path_92 2.0 1.0 0.0 0.0 0.7530185259147747 0.0 0.0 0.0 0.0 0.0 0.9812737238510961 0.9865405853119824 0.984732824427481 0.32823203614633445 0.3281363835057555 0.32823203614633445 0.9856391445774795 0.0 0.0 0.0
svg/svg/g_32/g_83/g_84/path_93 2.0 1.0 0.0 0.0 0.7530185259147747 0.0 0.0 0.0 0.0 0.0 0.9831088989136888 0.9825717835450027 0.9978140180430257 0.31190788514793766 0.31691680023313423 0.3144585337414372 0.9901723302650703 0.005283018867924529 0.017956204379562045 0.00012988524465153
svg/svg/g_32/g_83/g_84/path_94 2.0 1.0 0.0 0.0 0.7530185259147747 0.0 0.0 0.0 0.0 0.0 0.9831276251898378 0.9930977360574268 1.0 0.30855560413933836 0.30846568556025067 0.30855560413933836 0.996539552910236 0.0 0.009124087591240875 0.0
svg/svg/g_32/g_83/g_84/path_95 2.0 1.0 0.0 0.0 0.7530185259147747 0.0 0.0 0.0 0.0 0.0 0.9831463514659865 0.9865405853119824 0.984732824427481 0.30141378807753977 0.30132595075040075 0.30141378807753977 0.9856391445774795 0.0 0.0 0.0
svg/svg/g_32/g_85/g_86/path_96 2.0 1.0 0.0 0.0 0.7530185259147747 0.0 0.0 0.0 0.0 0.0 0.9849815265285792 0.9792932081722805 0.9774462179042331 0.290045182917942 0.289960658604109 0.290045182917942 0.978372205688975 0.0 0.0 0.0
svg/svg/g_32/g_85/g_86/path_97 2.0 1.0 0.0 0.0 0.7530185259147747 0.0 0.0 0.0 0.0 0.0 0.9850002528047281 0.9930977360574268 1.0 0.280279842588544 0.2801981640681918 0.280279842588544 0.996539552910236 0.0 0.009124087591240875 0.0
svg/svg/g_32/g_85/g_86/path_98 2.0 1.0 0.0 0.0 0.7530185259147747 0.0 0.0 0.0 0.0 0.0 0.9850189790808769 0.9865405853119824 0.984732824427481 0.2731380265267454 0.27305842925834184 0.2731380265267454 0.9856391445774795 0.0 0.0 0.0
svg/svg/g_32/g_87/g_88/path_99 2.0 1.0 0.0 0.0 0.7530185259147747 0.0 0.0 0.0 0.0 0.0 0.9868541541434696 0.9813638873550525 0.9958709229701597 0.260137006267308 0.2606731749963573 0.26044308409852795 0.9885978268392276 0.0006339622641509434 0.01718978102189781 1.4919454931517212e-05
svg/svg/g_32/g_87/g_88/path_100 2.0 1.0 0.0 0.0 0.7530185259147747 0.0 0.0 0.0 0.0 0.0 0.9868728804196185 0.9930977360574268 1.0 0.2518583296895497 0.2517849337024625 0.2518583296895497 0.996539552910236 0.0 0.009124087591240875 0.0
svg/svg/g_32/g_87/g_88/path_101 2.0 1.0 0.0 0.0 0.7530185259147747 0.0 0.0 0.0 0.0 0.0 0.9868916066957673 0.9865405853119824 0.984732824427481 0.2447165136277511 0.24464519889261258 0.2447165136277511 0.9856391445774795 0.0 0.0 0.0
svg/svg/g_32/g_89/g_90/path_102 2.0 1.0 0.0 0.0 0.7530185259147747 0.0 0.0 0.0 0.0 0.0 0.9887267817583599 0.981709000552181 0.9798750867453158 0.2333479084681534 0.2332799067463209 0.2333479084681534 0.9807945186518098 0.0 0.0 0.0
svg/svg/g_32/g_89/g_90/path_103 2.0 1.0 0.0 0.0 0.7530185259147747 0.0 0.0 0.0 0.0 0.0 0.9887455080345089 0.9930977360574268 1.0 0.22416557353155522 0.22410024770508527 0.22416557353155522 0.996539552910236 0.0 0.009124087591240875 0.0
svg/svg/g_32/g_89/g_90/path_104 2.0 1.0 0.0 0.0 0.7530185259147747 0.0 0.0 0.0 0.0 0.0 0.9887642343106576 0.9865405853119824 0.984732824427481 0.21702375746975663 0.21696051289523535 0.21702375746975663 0.9856391445774795 0.0 0.0 0.0
svg/svg/g_32/g_91/g_92/path_105 2.0 1.0 0.0 0.0 0.7530185259147747 0.0 0.0 0.0 0.0 0.0 0.9905994093732503 0.9930977360574268 1.0 0.20550940096195894 0.20544951187527322 0.20550940096195894 0.996539552910236 0.0 0.009124087591240875 0.0
svg/svg/g_32/g_91/g_92/path_106 2.0 1.0 0.0 0.0 0.7530185259147747 0.0 0.0 0.0 0.0 0.0 0.9906181356493993 0.9930977360574268 1.0 0.19793033085556044 0.1978726504444121 0.19793033085556044 0.996539552910236 0.0 0.009124087591240875 0.0
svg/svg/g_32/g_91/g_92/path_107 2.0 1.0 0.0 0.0 0.7530185259147747 0.0 0.0 0.0 0.0 0.0 0.9906368619255481 0.9865405853119824 0.984732824427481 0.19078851479376188 0.19073291563456216 0.19078851479376188 0.9856391445774795 0.0 0.0 0.0
svg/svg/g_32/g_93/g_94/path_108 2.0 1.0 0.0 0.0 0.7530185259147747 0.0 0.0 0.0 0.0 0.0 0.9924720369881407 0.9982744340143567 0.9965301873698821 0.17388135840256524 0.173830686288795 0.17388135840256524 0.997404664682677 0.0 0.0 0.0
svg/svg/g_32/g_93/g_94/path_109 2.0 1.0 0.0 0.0 0.7530185259147747 0.0 0.0 0.0 0.0 0.0 0.9924907632642896 0.9930977360574268 1.0 0.170091823349366 0.17004225557336444 0.170091823349366 0.996539552910236 0.0 0.009124087591240875 0.0
svg/svg/g_32/g_93/g_94/path_110 2.0 1.0 0.0 0.0 0.7530185259147747 0.0 0.0 0.0 0.0 0.0 0.9925094895404385 0.9865405853119824 0.984732824427481 0.16295000728756742 0.1629025207635145 0.16295000728756742 0.9856391445774795 0.0 0.0 0.0
svg/svg/g_32/g_95/g_96/path_111 2.0 1.0 0.0 0.0 0.7530185259147747 0.0 0.0 0.0 0.0 0.0 0.9943446646030311 1.0 1.0 0.14648010494097072 0.14643741803875857 0.14648010494097072 1.0 0.0 0.0018248175182481751 0.0
svg/svg/g_32/g_95/g_96/path_112 2.0 1.0 0.0 0.0 0.7530185259147747 0.0 0.0 0.0 0.0 0.0 0.99436339087918 0.9930977360574268 1.0 0.14298207258417142 0.1429404050706688 0.14298207258417142 0.996539552910236 0.0 0.009124087591240875 0.0
svg/svg/g_32/g_95/g_96/path_113 2.0 1.0 0.0 0.0 0.7530185259147747 0.0 0.0 0.0 0.0 0.0 0.9943821171553289 0.9865405853119824 0.984732824427481 0.13584025652237286 0.1358006702608189 0.13584025652237286 0.9856391445774795 0.0 0.0 0.0
svg/svg/g_32/g_97/g_98/path_114 2.0 1.0 0.0 0.0 0.7530185259147747 0.0 0.0 0.0 0.0 0.0 0.9962172922179214 0.9820541137493098 0.9802220680083276 0.12141087305057573 0.12137549176744865 0.12141087305057573 0.9811405633607863 0.0 0.0 0.0
svg/svg/g_32/g_97/g_98/path_115 2.0 1.0 0.0 0.0 0.7530185259147747 0.0 0.0 0.0 0.0 0.0 0.9962360184940704 0.9930977360574268 1.0 0.11514356507797699 0.11511001019962117 0.11514356507797699 0.996539552910236 0.0 0.009124087591240875 0.0
svg/svg/g_32/g_97/g_98/path_116 2.0 1.0 0.0 0.0 0.7530185259147747 0.0 0.0 0.0 0.0 0.0 0.9962547447702192 0.9865405853119824 0.984732824427481 0.1080017490161784 0.10797027538977123 0.1080017490161784 0.9856391445774795 0.0 0.0 0.0
svg/svg/g_32/g_99/g_100/path_117 2.0 1.0 0.0 0.0 0.7530185259147747 0.0 0.0 0.0 0.0 0.0 0.9980899198328118 0.9833310325786858 0.9888965995836225 0.09240635475878152 0.09747923648550195 0.09495700335228101 0.9861063049345976 0.005283018867924529 0.007773722627737226 5.6230807135723365e-05
svg/svg/g_32/g_99/g_100/path_118 2.0 1.0 0.0 0.0 0.7530185259147747 0.0 0.0 0.0 0.0 0.0 0.9981086461089608 0.9930977360574268 1.0 0.08774231161638246 0.08771674194958475 0.08774231161638246 0.996539552910236 0.0 0.009124087591240875 0.0
svg/svg/g_32/g_99/g_100/path_119 2.0 1.0 0.0 0.0 0.7530185259147747 0.0 0.0 0.0 0.0 0.0 0.9981273723851096 0.9865405853119824 0.984732824427481 0.08060049555458389 0.08057700713973481 0.08060049555458389 0.9856391445774795 0.0 0.0 0.0
svg/svg/g_32/g_101/g_102/path_120 2.0 1.0 0.0 0.0 0.7530185259147747 0.0 0.0 0.0 0.0 0.0 0.9999625474477022 0.9834000552181116 0.9979181124219292 0.06413059320798718 0.06486959055806499 0.06450954671330711 0.9906394906221885 0.0007849056603773585 0.01718978102189781 1.8472065281741986e-05
svg/svg/g_32/g_101/g_102/path_121 2.0 1.0 0.0 0.0 0.7530185259147747 0.0 0.0 0.0 0.0 0.0 0.9999812737238511 0.9982744340143567 0.9965301873698821 0.05611426905698878 0.057263587352469766 0.05669727444978868 0.997404664682677 0.0012075471698113208 0.0 0.0
svg/svg/g_32/g_101/g_102/path_122 2.0 1.0 0.0 0.0 0.7530185259147747 0.0 0.0 0.0 0.0 0.0 1.0 0.9865405853119824 0.984732824427481 0.05261623670018947 0.05260090339501675 0.05261623670018947 0.9856391445774795 0.0 0.0 0.0
